-6.809636 -0.157513 0.579529 -0.084810 -0.036674 -0.048035 0.138921 -0.027696 0.256333 0.147839 -0.108029 0.019231 -0.281941 0.141106 -0.038629 0.015258 0.082975 -0.145419 -0.128799 -0.066144 -0.088480 0.285943 0.350483 0.043830 0.028496 0.141972 0.278829 0.001824 0.374538 -0.131598 -0.065084 -0.163010 -0.234706 -0.027887 -0.001624 -0.269697 -0.042794 -0.056986 -0.203247 0.061742
-6.830739 -0.145926 0.285007 -0.128890 -0.205456 -0.201697 0.260661 -0.154887 0.235608 0.257248 -0.054178 0.130596 -0.163686 0.117444 0.059842 -0.022896 -0.201840 -0.153317 -0.099994 0.137016 0.269185 -0.059924 0.078872 0.016367 0.178397 0.027845 -0.143964 0.244285 -0.288717 0.138863 0.126902 0.099622 0.145759 0.028941 0.257016 -0.007290 0.032163 0.281028 0.136174 0.009729
-6.704329 -0.295210 1.222717 -0.039904 0.119915 -0.086099 0.069026 0.119910 -0.024247 -0.126242 0.112810 -0.017199 -0.320294 -0.322015 0.122874 -0.000995 0.132223 0.248554 -0.125144 0.237692 -0.064695 -0.006929 0.181513 -0.024490 0.029502 0.176071 -0.059237 0.051663 0.016724 0.089053 -0.013955 0.106247 0.077392 -0.001784 0.134421 0.276574 -0.172591 -0.354760 0.222479 -0.080089
-5.991482 -2.036794 -0.707082 -0.249957 0.088876 0.237553 -0.201096 -0.133459 -0.248790 0.152025 -0.058413 -0.054504 -0.064568 -0.095321 0.297185 -0.175542 0.186810 -0.169196 -0.021588 -0.076331 -0.031827 0.051859 -0.010529 0.160570 0.000277 0.085225 0.030217 -0.058801 -0.088785 -0.037540 0.072205 -0.013538 0.041779 -0.033832 0.011022 0.077770 0.044565 0.041773 0.027646 0.015178
-6.171131 -1.355991 1.485250 0.018639 -0.088433 -0.061796 0.165632 0.168478 -0.226350 -0.200095 -0.048068 -0.025613 -0.008940 0.317722 -0.135858 0.190963 0.122693 0.217853 -0.093109 -0.004560 -0.045527 -0.035708 -0.172307 -0.028956 0.015931 -0.097511 0.061781 -0.019382 -0.106710 -0.255175 0.090836 -0.134884 -0.086576 0.026047 -0.046247 0.114147 0.040239 0.327134 0.050725 0.202076
-7.252036 0.658865 -0.179272 0.016124 -0.072538 -0.011390 -0.118901 -0.014195 -0.076096 -0.055289 0.283364 0.041887 -0.058191 -0.042988 -0.048461 0.105331 0.236736 0.126492 0.024592 -0.092073 -0.167341 0.128815 0.017632 0.343737 0.018286 -0.151984 0.025847 -0.157013 -0.134198 0.224724 0.025173 0.043212 0.110652 0.264994 0.205576 -0.481049 -0.236017 0.130515 0.159529 0.129218
-6.742929 -0.404012 -0.200365 0.037621 -0.037854 0.095610 0.059872 -0.374290 0.202981 -0.227352 0.055665 0.113399 -0.048753 0.224209 0.042506 -0.114052 -0.098022 0.112980 -0.079317 0.326090 -0.082472 0.127789 -0.076462 -0.071112 -0.141971 -0.040438 -0.264226 -0.204048 -0.158460 0.004354 -0.299587 0.132215 -0.170542 0.073714 -0.275700 -0.101590 0.093493 -0.120819 0.001811 0.126429
-7.004721 0.078586 -0.625300 0.037705 -0.271092 0.145001 -0.124811 0.039008 0.038380 -0.097530 -0.261529 -0.171998 -0.202930 0.015990 -0.009494 -0.282063 0.007085 0.252637 -0.134705 0.020748 -0.138876 -0.089003 0.083005 -0.312850 0.120569 -0.316341 0.063553 0.021968 0.062733 0.062382 -0.020101 0.059722 0.261260 -0.190164 0.057664 -0.018660 -0.267265 0.141412 -0.215634 -0.009616
-6.901538 0.020664 0.514987 -0.029944 0.101676 0.090756 0.042554 -0.224765 -0.116541 0.023367 0.120828 0.181202 0.046450 0.238342 -0.343783 -0.244538 -0.037938 -0.142258 0.074859 -0.019695 0.050324 -0.125842 -0.112067 0.014469 -0.357459 -0.104930 0.015398 0.117589 0.297415 -0.113268 -0.029402 -0.052413 0.274095 -0.137835 0.141644 -0.034003 -0.212939 -0.100624 0.230957 -0.201414
-6.805312 -0.151141 0.635626 -0.128758 0.066324 0.036253 -0.039596 -0.077577 0.113206 0.024862 0.037008 -0.297717 0.254327 -0.106700 -0.144314 0.055516 -0.037934 -0.177360 -0.052833 -0.288626 -0.069800 0.138267 -0.155509 -0.315586 0.119163 0.155262 -0.112895 0.139365 -0.227791 -0.105361 -0.109967 0.089829 0.175367 -0.029112 0.065454 -0.132138 -0.169726 -0.266322 -0.093195 0.344105
-6.981520 0.207994 0.624624 -0.150695 0.028605 0.017177 -0.133979 -0.089067 -0.017117 -0.161813 -0.039718 -0.339846 -0.105083 -0.345705 -0.080433 -0.004023 -0.379055 -0.245129 -0.175628 -0.015347 -0.201101 0.064574 -0.002500 0.078591 -0.215886 -0.191284 -0.097849 0.064423 0.188362 0.152611 0.127742 -0.024180 -0.153845 0.043131 -0.116632 0.029231 0.165266 0.267281 0.189105 0.019309
-6.980662 0.178385 0.410065 -0.155480 0.109811 -0.110563 -0.059975 -0.206840 -0.289524 0.160138 0.067497 0.395715 0.112544 -0.234436 0.039970 0.118235 -0.122248 0.145852 -0.150585 0.036436 0.004646 -0.176980 0.061861 -0.071002 0.240287 -0.364648 0.029671 0.109956 0.099034 -0.059137 0.150794 0.031946 -0.087496 -0.007588 -0.148466 -0.122081 0.059060 -0.150920 -0.252850 0.113612
-7.240624 0.660500 0.049459 0.040410 0.125051 0.063135 -0.139486 0.004864 0.112877 0.040911 -0.110587 -0.140478 0.102986 0.059981 0.166106 0.051323 0.114099 -0.115387 -0.154290 0.206463 -0.034572 -0.295580 0.110016 -0.213076 -0.358794 -0.086541 0.343385 0.036823 -0.337791 -0.166045 0.116193 -0.040093 -0.126788 0.260405 0.189486 -0.118490 0.060044 -0.056064 -0.024167 -0.144049
-7.270813 0.712421 0.004890 0.098617 -0.111916 -0.078140 0.154200 -0.136434 0.133526 0.121107 0.183889 -0.127883 -0.133261 0.223942 0.061670 -0.077341 0.070670 -0.011570 -0.051170 -0.202822 -0.141494 0.008503 -0.309248 0.110362 0.011984 -0.112269 0.259172 -0.017182 0.016870 0.256996 0.282509 -0.040277 0.150727 0.162928 -0.168704 0.336989 0.182661 -0.274163 -0.150640 0.042488
-7.067152 0.267527 -0.185257 0.133728 0.131325 0.049997 -0.117280 -0.094456 0.088467 -0.284155 0.032926 -0.332841 0.009979 0.191280 -0.005824 0.171378 0.002269 -0.083580 -0.049188 -0.018190 0.301685 -0.129884 0.197014 0.396140 0.313709 -0.134546 -0.138995 0.132976 0.039174 -0.273807 0.019875 0.099049 0.091266 0.016004 -0.136405 0.019771 -0.072832 -0.082307 -0.093987 -0.193415
-7.162360 0.418538 -0.522856 0.115099 -0.174442 -0.065035 -0.056064 -0.058003 -0.191120 0.097897 -0.077574 -0.033603 0.021587 -0.101070 -0.533425 0.087993 0.330967 -0.247446 -0.088065 0.311114 -0.028703 0.007620 -0.000091 0.024534 0.045937 0.097616 -0.188242 0.041794 -0.117499 0.154080 0.032917 -0.217011 -0.214569 -0.026479 0.016751 0.183239 -0.096714 -0.045921 -0.183052 -0.013739
-7.188214 0.532560 -0.170975 -0.024624 -0.024876 0.042400 -0.234993 -0.052192 -0.010599 -0.198293 0.016445 0.210969 -0.276086 0.138349 0.065253 0.382301 -0.141304 -0.096702 0.228070 -0.110923 -0.052126 0.127166 -0.041677 -0.149361 -0.170851 0.145000 -0.083860 -0.115136 -0.057462 -0.055309 0.412103 0.255011 -0.111006 -0.246259 0.126055 0.078496 -0.164945 -0.004372 -0.151204 -0.035986
-6.607763 -0.693164 -0.352512 -0.311684 -0.323196 0.159793 0.043010 0.012768 0.250439 0.012922 -0.132902 0.016248 0.023347 -0.244402 -0.243179 0.280636 -0.092815 0.140832 0.276555 0.070577 -0.038430 -0.327382 -0.041477 0.182884 -0.062576 0.074664 0.178290 -0.098974 0.076494 -0.122381 -0.084747 0.104299 0.090605 0.152642 -0.038855 0.026444 0.065189 -0.141870 0.002719 -0.009834
-7.043989 0.310068 0.408226 -0.057502 0.177291 0.045224 -0.226586 -0.098071 -0.030408 0.080706 -0.198591 -0.115550 0.208208 0.093813 0.036099 0.043573 -0.093509 0.223212 0.147344 0.248070 0.302198 0.224936 -0.000214 0.060397 -0.102870 0.149122 0.120441 -0.046899 0.229705 0.261753 -0.053079 0.037513 0.127477 0.219047 0.095721 0.211652 -0.112753 0.191540 -0.222924 0.224412
-9.149120 3.774531 -1.267911 -0.070866 0.444496 0.690216 0.795056 0.052501 -0.217268 -0.080812 -0.134974 -0.023275 -0.103077 -0.032692 0.005020 0.036598 -0.028009 -0.017990 -0.000453 0.012696 0.015569 -0.006039 0.015465 0.024853 0.004184 -0.000566 0.007312 0.006310 -0.045994 0.013378 -0.004239 0.019401 0.003705 -0.005100 0.005133 -0.002379 -0.004211 0.008582 0.003267 0.127514
-7.163957 0.361213 -0.904643 0.092611 -0.076758 -0.136158 -0.001113 0.047414 -0.165322 0.005646 0.057596 -0.171909 -0.047392 0.000478 0.008119 0.169011 -0.026964 0.162680 -0.081405 0.157336 0.145244 0.132425 -0.265540 -0.288033 0.075970 0.101789 -0.057593 0.032855 0.324597 -0.124106 0.034276 -0.000865 0.086414 0.095316 0.217204 -0.270067 0.374170 -0.103241 0.151005 -0.091839
-6.483532 -0.865783 0.412378 0.421545 -0.100726 -0.123469 0.126964 0.078718 -0.141410 -0.268490 -0.326532 0.164112 0.216150 -0.021398 0.012936 -0.001657 -0.165418 -0.192038 -0.076016 -0.197759 0.022653 -0.186331 0.108938 0.090248 -0.013022 0.146081 0.073640 -0.128448 0.035664 0.328318 -0.029287 0.105666 0.083167 -0.009297 0.111584 -0.141797 0.122588 -0.130246 -0.061747 0.062444
-7.213644 0.613887 0.116227 0.142705 0.067863 0.009069 -0.164988 -0.048725 -0.101421 0.042374 -0.057106 0.066391 -0.063475 0.082690 -0.068493 -0.075390 -0.111803 -0.009828 0.311919 0.011489 -0.443818 0.071313 -0.051892 0.086539 0.284024 0.043631 0.207074 0.349046 -0.085296 -0.107724 -0.333878 0.217101 -0.124384 0.029863 0.173890 0.140834 0.178974 0.106977 0.062614 -0.056796
-7.375687 0.897695 -0.310575 0.113136 -0.131689 -0.199345 -0.114403 -0.024187 -0.127010 0.060559 -0.001186 0.043295 -0.100441 -0.034947 0.055506 0.082906 0.173688 -0.025788 0.102786 -0.052956 0.091934 -0.057197 0.287598 -0.088927 -0.228398 0.148738 0.104434 0.195990 -0.044373 -0.088894 -0.074760 0.032257 0.275578 -0.093849 -0.501706 0.001486 0.072511 0.102294 0.253347 0.330882
-6.958235 0.141220 0.589236 0.092288 0.062697 -0.167188 0.128534 0.004209 -0.019230 0.192578 -0.148754 -0.199558 -0.017929 -0.136661 -0.184336 -0.370773 0.026800 0.198292 0.474255 -0.111863 0.155093 0.078573 0.113825 -0.023618 -0.043909 -0.123076 -0.118891 -0.213352 -0.154246 -0.100791 0.251351 0.142796 -0.195730 0.007794 -0.077356 -0.131443 0.081771 -0.045185 -0.009347 -0.083995
-7.064054 0.365638 0.582201 -0.198506 0.005229 0.016723 0.051959 -0.166516 -0.135215 -0.007586 -0.155696 0.003237 0.055159 0.018075 0.010452 0.211677 0.078621 0.092298 -0.026634 -0.182798 -0.062914 0.221162 0.099262 -0.119551 0.029083 0.078543 -0.018761 -0.133537 -0.194066 0.160804 -0.181756 -0.160392 0.242333 -0.033443 -0.171544 -0.036513 0.162158 0.071458 -0.050306 -0.610915
-7.107514 0.416627 0.234761 -0.124796 -0.018755 -0.156173 -0.024799 0.066050 -0.055277 0.014047 -0.087589 -0.160714 0.041000 0.098021 0.219859 0.008833 -0.102667 -0.054444 0.131974 0.271482 0.037359 -0.134548 -0.313473 0.122478 0.132699 0.031703 0.237686 -0.044277 -0.064788 0.213332 -0.071733 -0.147152 -0.176869 -0.456403 -0.167681 -0.231460 -0.230326 -0.127660 0.153974 -0.024005
-7.033335 0.252265 0.067610 -0.191712 0.072197 0.180650 -0.319310 0.159213 0.144782 -0.243458 -0.016561 0.203518 -0.269981 0.039995 -0.117942 -0.104327 0.177773 -0.064052 0.100601 -0.233248 0.384606 -0.081957 -0.057381 -0.174518 0.120700 -0.151828 0.011207 0.067634 -0.024791 0.258341 -0.155959 -0.159716 -0.191544 0.065895 0.043742 0.021847 0.234361 -0.084427 0.129201 0.092524
-7.137304 0.500834 0.487553 0.014375 -0.105103 0.101981 0.069471 -0.018306 0.055578 0.057778 0.053709 -0.003182 0.001816 -0.175199 0.152683 -0.110692 0.343863 0.057839 -0.133771 -0.132331 0.130253 -0.170560 -0.337502 0.099470 -0.142317 0.249628 -0.112879 0.207758 0.153368 -0.016625 -0.069196 0.329004 -0.181054 -0.107843 -0.055856 -0.129746 0.034277 0.248153 -0.238864 -0.130482
-7.231640 0.631868 -0.020585 0.123555 -0.185274 0.131864 -0.003475 -0.167697 0.117353 0.083752 -0.095109 0.024617 0.247388 -0.134235 0.072740 0.057055 0.120460 0.015881 -0.137160 -0.069570 0.147083 0.251342 0.019459 0.092443 0.087233 -0.173129 0.140350 -0.259755 0.006347 -0.212513 0.011120 -0.016748 -0.083379 -0.333264 0.235972 0.223467 0.114074 -0.035495 0.336745 0.110300
-7.175674 0.447190 -0.570112 -0.041783 -0.189096 -0.053840 -0.020697 0.106477 -0.067181 -0.270385 -0.041662 0.237455 0.104452 -0.152895 0.011286 -0.310032 -0.220284 0.058921 -0.133141 -0.041401 0.137690 0.306047 -0.147607 0.082267 0.028651 0.205178 0.176859 0.177668 -0.136606 -0.237150 0.155414 -0.153349 -0.070028 0.277484 -0.149156 0.025805 -0.249809 -0.042656 0.030037 -0.134804
-7.059204 0.203189 -0.500458 0.196524 0.032914 0.109295 -0.057323 -0.027417 0.102692 0.302860 0.027259 -0.061013 0.010990 0.063628 -0.013394 0.170880 -0.255935 0.364901 -0.116176 -0.360397 -0.018688 -0.220565 0.034850 -0.038208 -0.042281 0.144295 -0.154302 0.053967 -0.002800 0.092825 -0.085907 -0.273268 -0.284440 0.034488 -0.031574 0.082282 -0.244852 0.047621 0.171606 -0.048263
-6.794670 -0.348076 -0.524061 0.069627 0.088042 -0.047407 0.222202 0.072768 0.294933 -0.201100 0.292692 0.088548 0.322546 -0.216036 0.097893 0.125350 0.125113 -0.027588 0.254180 0.065009 -0.035995 0.129157 0.057144 -0.153695 -0.056034 -0.215995 0.070733 0.198513 0.058849 0.123292 -0.001205 -0.142777 0.007628 -0.141008 -0.012649 0.085334 -0.048896 0.223855 -0.099279 -0.088276
-6.864874 -0.016227 0.834395 0.202276 -0.243287 0.332154 -0.059182 0.302454 -0.133366 0.247834 0.304198 -0.025439 -0.090974 -0.016957 0.127073 0.035147 -0.252613 -0.199784 0.177346 0.144596 0.154631 0.116028 0.043352 -0.039556 -0.019508 -0.086780 -0.053593 0.005527 -0.065157 -0.024870 -0.102942 -0.132906 0.076190 0.046627 -0.069955 -0.070413 0.029767 -0.080700 -0.159247 -0.052363
-7.281213 0.701343 -0.356611 -0.070528 0.042455 -0.242499 -0.095870 0.315362 0.026493 0.084484 0.078390 0.084002 -0.095252 -0.054608 -0.066979 -0.042480 -0.155598 0.087135 -0.230963 -0.064329 0.029639 0.056403 -0.043921 0.285293 -0.307050 -0.113503 -0.067055 -0.139756 -0.184520 -0.135624 -0.307796 0.010046 0.123045 -0.237545 0.148838 0.105935 0.151726 -0.017406 -0.287651 0.058526
-7.053930 0.273145 0.015889 0.018680 0.044012 0.059548 -0.094255 0.404938 0.199948 0.269558 -0.320724 0.178263 0.114345 0.106915 0.034820 0.103939 0.122520 -0.164893 -0.106752 0.071944 -0.165146 0.131957 -0.140045 -0.012035 0.062427 -0.189238 -0.237231 -0.050248 0.143822 0.006606 0.075861 0.254109 0.071485 0.168284 -0.247626 0.025004 -0.121948 -0.035173 0.221076 -0.091412
-7.232142 0.666900 0.187987 0.003265 0.111839 0.146112 -0.156101 0.047339 0.220529 -0.050984 -0.003374 0.103666 0.034699 -0.012176 0.023126 -0.183422 -0.005253 0.072176 0.069365 0.139919 -0.259547 -0.173890 -0.002071 0.097238 0.163733 0.305143 -0.233649 -0.097513 0.024086 -0.113063 0.295001 -0.405672 0.259786 -0.128856 0.018234 -0.113277 0.246979 0.100299 -0.056809 0.111831
-7.292792 0.789617 0.200051 -0.060093 -0.137260 -0.258625 0.104547 -0.114788 -0.107742 -0.055020 -0.093175 0.013290 -0.042965 -0.037126 0.389298 -0.023817 0.081942 -0.235034 0.228950 -0.104956 -0.059195 -0.176318 -0.059024 -0.071022 0.012387 -0.095560 -0.274624 -0.204760 0.177369 -0.195627 -0.240902 -0.240907 -0.027298 0.272858 0.156728 0.164319 -0.185207 0.023096 -0.059119 0.059023
-7.135150 0.404067 -0.336985 -0.223010 -0.279676 0.023593 0.014483 0.132352 -0.147168 -0.059810 0.122345 -0.071140 0.357400 0.314332 0.136679 -0.142838 0.036021 0.126203 0.004190 -0.017020 -0.138455 -0.003172 0.363968 0.044533 -0.109628 0.033519 -0.213571 0.204739 0.086817 0.142889 0.100679 0.101730 -0.198889 -0.053081 0.106701 0.049110 0.137222 -0.190934 0.029875 0.018799
-7.240628 0.630844 -0.203352 -0.059634 0.015157 -0.027526 -0.011784 0.083046 -0.050409 0.008197 0.396626 0.007723 0.095856 0.038072 -0.137367 -0.161333 -0.084666 -0.162112 -0.140313 0.015240 0.017647 -0.199166 0.134695 -0.227394 0.264919 0.213668 0.199321 -0.476092 0.078727 -0.007660 -0.050384 0.258281 -0.049539 0.046201 -0.094386 0.128279 -0.049245 0.245335 0.050715 -0.071456
-7.077114 -0.028289 0.168298 0.427481 0.021128 0.065063 0.045283 -0.162894 0.031427 0.121300 -0.032403 0.058988 0.068716 -0.006148 -0.026636 -0.011384 0.001217 -0.012420 -0.006232 -0.016709 0.003720 0.009313 -0.000692 0.003369 0.006097 0.002780 0.009883 0.002859 -0.003518 -0.006359 -0.003984 0.001623 0.002479 0.001914 0.003378 -0.000539 0.003218 -0.001538 0.000533 0.000839
-7.289260 0.467493 0.707162 0.155740 -0.073756 0.004565 -0.040930 -0.006359 -0.053685 0.046490 0.038266 -0.028564 -0.040021 -0.007148 0.019212 0.003677 0.002490 -0.001092 0.008289 0.001954 -0.009404 0.000048 0.007473 0.001653 -0.001295 0.000224 -0.001495 -0.001274 0.002073 0.002459 -0.002412 0.001480 -0.001264 0.001194 0.000919 -0.001363 -0.002071 -0.000207 -0.001675 -0.001184
-7.138745 0.168283 0.640627 -0.259328 -0.051969 -0.015296 0.060324 -0.016140 -0.044222 0.015724 0.060099 -0.030456 0.017932 -0.015685 0.003626 0.002226 -0.008119 -0.011287 -0.006781 -0.001041 -0.001959 -0.002025 -0.006617 0.005927 0.003256 -0.002493 -0.010304 0.000534 0.009859 -0.006648 0.000100 -0.003318 -0.000631 0.001587 -0.004390 -0.000511 0.001712 -0.000809 0.000000 -0.006540
-6.283790 -1.785281 -0.621004 -0.082328 0.402062 -0.181605 0.153254 0.096968 -0.035632 0.026214 0.033109 -0.094416 -0.034625 0.024093 -0.029626 -0.011975 -0.019084 -0.027205 0.017445 0.001248 -0.002245 0.010891 0.006741 -0.008828 -0.014621 0.001501 -0.004058 -0.004040 -0.011969 -0.001481 0.000909 -0.001660 -0.006940 -0.005024 -0.000815 -0.000853 -0.005151 0.000358 0.000741 0.013142
-7.381775 0.592610 0.098216 -0.101812 -0.050495 -0.233314 0.098940 -0.054944 0.033469 0.000259 -0.030987 0.064322 0.025206 -0.010672 0.019134 -0.008675 0.011822 0.000764 -0.002519 0.007402 0.006939 -0.005488 0.000508 -0.003537 0.002817 0.003584 -0.004143 -0.004901 0.003309 -0.001548 -0.002983 0.001602 -0.002894 0.002925 -0.000975 0.002345 0.000916 -0.000968 -0.000433 -0.007312
-6.992336 -0.238076 -0.330503 -0.360814 -0.364038 0.057020 0.070219 -0.056562 -0.002934 0.075746 -0.026200 0.030406 -0.005091 -0.053291 -0.072763 0.012538 0.007953 -0.010262 -0.000367 0.002342 0.006817 -0.022326 0.003564 0.011487 0.000822 -0.000400 -0.000563 -0.004841 -0.010306 0.001205 0.002668 0.003485 -0.000994 -0.000455 -0.001360 0.000388 0.001327 0.000368 -0.000810 0.007515
-6.566392 -1.082534 -0.134345 -0.466663 -0.023285 0.322210 -0.201152 -0.070742 -0.055350 0.038919 0.019672 -0.063664 -0.024139 0.055916 0.009425 -0.016220 0.002637 0.037435 0.005905 0.013799 0.037228 0.007698 0.021335 0.005795 0.010899 -0.014263 0.012282 -0.004406 -0.009462 0.005062 -0.004306 0.002017 -0.003907 0.000379 0.001183 -0.000869 0.004334 0.004929 -0.000605 0.013069
-7.001444 -0.096710 0.790649 -0.019369 -0.238173 0.174112 0.008269 -0.114858 -0.021678 0.017446 0.014546 -0.020562 0.005815 -0.018488 0.003611 -0.013302 0.026343 0.016162 -0.010442 -0.009624 -0.001822 -0.002530 -0.006344 -0.013142 -0.004698 -0.006787 -0.008228 0.003418 0.000385 0.003280 -0.005593 -0.005015 -0.003615 -0.002717 -0.000278 -0.000570 0.001218 -0.000503 -0.000188 -0.011365
-6.661853 -1.015055 -0.608672 0.230485 0.144334 0.108571 0.008906 -0.118096 -0.037452 0.153710 0.044933 0.067928 0.001175 -0.071311 0.002459 0.002031 -0.001034 0.015483 -0.013571 0.002470 -0.011120 -0.013063 -0.013983 -0.004474 -0.005933 -0.011220 0.007297 -0.003460 0.003666 -0.002985 0.000326 0.002495 -0.004064 0.001177 -0.000682 0.000566 -0.002033 0.001440 0.000051 -0.003002
-7.165534 0.199686 0.400846 -0.268234 0.155415 -0.009728 -0.144945 -0.084177 -0.022751 0.022211 -0.124576 -0.007572 0.046395 0.016300 -0.006745 0.003451 0.000855 -0.009936 0.005130 -0.000462 0.007764 0.001211 -0.004417 -0.003680 0.003874 -0.003994 -0.002078 0.000710 -0.000802 -0.000460 0.004022 -0.001968 0.000564 0.000764 0.001799 -0.002628 -0.001798 0.000561 -0.000177 0.002211
-7.179062 0.102556 -0.483706 0.278602 -0.073881 0.159289 -0.113414 0.020750 0.122182 -0.117340 0.063609 -0.033372 -0.008154 0.006031 -0.021346 0.000474 0.011955 -0.005142 -0.004152 -0.014497 0.012404 0.008727 -0.004891 0.005372 0.005377 -0.008298 -0.006224 -0.006528 0.004826 0.001518 0.008412 -0.001912 0.002711 0.001286 -0.003877 0.001955 -0.000492 0.000228 -0.000058 -0.012094
-7.259153 0.415461 0.785465 0.114098 -0.084504 0.030858 0.000370 -0.034414 -0.053335 0.049492 0.037556 -0.000555 -0.026739 -0.013667 0.012708 0.000111 -0.000847 -0.003011 0.004596 0.007176 0.001937 0.007154 0.007920 0.003041 -0.002751 -0.001617 0.000015 -0.000310 -0.000964 0.000387 -0.000044 -0.000101 0.001973 0.000985 -0.001742 -0.000086 0.000811 -0.001914 0.000013 -0.001030
-5.972143 -2.440107 -0.727686 -0.060915 0.085063 0.211693 -0.105128 -0.174830 -0.092714 0.004969 -0.020605 -0.024220 -0.043445 -0.025269 0.049963 0.005122 0.001244 -0.031572 0.001915 -0.000343 0.011641 -0.006921 0.000030 0.004229 0.008311 0.001364 -0.004523 0.002018 -0.006226 -0.002453 0.003077 0.009345 0.004691 -0.002980 -0.003042 0.001726 -0.002262 0.001426 0.000205 0.013126
-6.994374 -0.151744 0.547667 0.161693 0.144502 0.079133 0.085749 -0.071154 0.026669 0.071641 0.086232 -0.020924 0.064824 0.006689 -0.019526 -0.012470 0.014135 0.028639 0.000875 -0.007834 -0.003961 0.016955 -0.003479 0.012668 -0.002121 0.016946 0.000846 -0.010765 0.004277 0.002062 -0.003151 0.005766 -0.003879 0.001930 -0.000541 -0.001787 -0.002028 0.000138 -0.000358 -0.004794
-7.320362 0.514642 0.558861 0.130499 -0.036300 -0.100783 0.017350 -0.088208 -0.036086 -0.044333 0.004651 0.003352 -0.000768 -0.031821 0.016819 -0.018619 0.008736 0.005698 0.017597 -0.001599 0.003188 -0.004224 -0.000198 -0.004440 -0.001692 -0.002363 -0.000876 -0.002433 0.005820 0.001328 0.000199 -0.000482 0.003003 -0.001821 -0.001042 0.000565 0.000176 0.000359 -0.000222 -0.008451
-6.886698 -0.557362 -0.715234 0.627633 0.021335 -0.077723 -0.057382 0.006759 -0.017324 0.046795 -0.043372 -0.071554 0.003529 -0.009781 0.017450 -0.002178 -0.003346 0.008264 -0.007106 0.001152 -0.001570 -0.004019 0.013333 -0.007875 0.000826 -0.006409 -0.004403 0.004300 0.007793 0.003308 0.002040 -0.004230 -0.003521 0.001830 -0.000596 0.001480 0.000922 -0.000839 0.000306 -0.010750
-7.262855 0.297327 -0.397401 0.109516 -0.111542 -0.049199 -0.011750 -0.144785 0.058502 -0.043570 0.058591 0.071771 0.033363 -0.037439 0.006941 0.014465 -0.026811 -0.002709 -0.003228 0.012501 0.020149 -0.001854 0.014663 0.001876 0.009073 0.001253 0.002400 0.000931 -0.001629 -0.000398 -0.001906 -0.000407 0.002020 -0.000506 0.000754 -0.002301 -0.004004 0.000665 -0.000107 -0.000324
-6.931449 -0.281117 0.255288 -0.411380 -0.133268 0.267456 -0.039318 -0.096190 -0.043356 -0.026850 0.077726 -0.015769 0.074783 0.041011 -0.002353 0.047293 0.002809 -0.002659 -0.029649 -0.005298 -0.011609 0.000691 0.013848 0.001935 -0.015458 0.003954 0.001127 -0.003589 0.002981 0.004205 0.001548 0.007275 0.001050 0.004489 -0.000855 0.001147 -0.002111 0.000143 -0.000185 0.001980
-7.386346 0.614592 0.142627 0.030298 0.151824 -0.184290 -0.095353 -0.075281 0.037434 -0.017210 -0.065557 -0.001937 0.024090 0.013208 0.009128 -0.006381 -0.006232 0.002224 0.010210 0.002755 -0.003117 -0.005154 -0.002650 0.001806 -0.000544 0.001388 0.001784 0.003344 -0.001368 0.000197 0.001565 -0.001237 -0.000717 -0.002384 -0.002944 0.000399 0.002322 -0.003276 -0.001105 -0.009030
-6.745498 -0.737924 -0.298807 -0.232994 -0.243021 0.163252 0.138911 0.319793 0.074067 -0.020383 -0.091141 0.047326 0.087523 0.025039 -0.023749 -0.063966 -0.009093 -0.020890 0.018563 -0.020023 -0.004261 -0.003417 0.021269 0.000641 -0.001950 0.003326 0.001373 0.009282 0.006951 -0.009881 0.000688 -0.005077 -0.000780 -0.002940 -0.003039 -0.001132 -0.002605 0.000147 -0.000613 -0.003015
-7.139574 0.157060 0.618084 -0.004318 0.059974 -0.130916 0.083703 -0.052391 0.074806 0.047866 -0.024121 -0.028265 -0.032200 0.003713 0.017406 0.000199 0.029308 -0.002908 -0.016279 0.001891 0.002621 -0.003612 -0.004094 0.000010 -0.006780 0.004400 0.007564 0.005755 0.003873 0.001567 0.001843 0.003157 -0.001122 -0.001110 -0.001172 0.000468 0.000195 0.001615 0.001628 -0.003294
-7.153156 0.146830 0.206690 -0.155229 -0.044331 -0.142810 0.048977 0.151405 0.083460 -0.030493 0.029262 -0.024294 0.011734 -0.046406 -0.003293 0.004335 -0.003739 -0.006571 -0.001164 -0.008951 0.007611 0.015053 -0.008454 -0.002658 0.005839 -0.003828 0.015178 0.000932 -0.003038 -0.001981 -0.006446 0.000227 0.000281 0.003093 -0.004496 0.003519 -0.001194 0.000012 -0.001111 -0.003129
-7.110277 0.121301 0.779490 0.066189 0.106317 0.102798 -0.120346 0.102853 0.006253 0.025227 0.022369 -0.033804 -0.020689 -0.003470 0.000373 -0.018175 0.010683 0.014783 0.001795 -0.003058 -0.004114 -0.005590 0.005047 -0.002854 -0.006156 -0.001777 -0.002373 0.004041 0.005028 0.003682 0.000802 0.004541 0.005020 0.000323 -0.000456 0.001827 -0.000363 -0.000835 -0.000313 -0.003476
-7.145571 -0.045530 -0.856812 0.008664 0.137054 -0.191434 0.038884 -0.003528 -0.051814 0.022134 0.042020 -0.017778 -0.006214 0.002980 -0.016627 -0.006886 -0.004308 0.015717 0.001184 -0.010719 -0.003236 -0.003586 -0.005596 -0.005596 -0.001131 -0.002482 0.003718 0.000541 0.003799 0.001635 0.005892 -0.004015 -0.001072 0.003564 -0.004396 -0.003856 0.000849 -0.000732 0.000110 -0.005843
-6.972575 -0.346566 -0.607607 -0.062057 0.224806 -0.059637 -0.127229 0.018890 -0.147733 -0.049301 0.097097 -0.062455 0.002697 0.028087 -0.022566 -0.028260 0.026564 -0.022873 -0.010408 0.011513 0.010965 0.001674 -0.004458 -0.009613 0.000040 0.008391 -0.001148 -0.000476 0.002433 0.006634 0.002284 -0.003741 -0.000414 -0.004327 0.001754 0.000618 0.002200 0.000281 -0.000289 -0.002941
-6.488950 -1.097462 1.290327 0.317580 -0.181273 0.038257 0.179599 0.039657 -0.109538 -0.099766 0.021891 0.002073 -0.009599 0.020458 0.010127 0.007992 0.017534 0.020952 -0.001289 0.006562 0.002462 -0.000825 -0.007394 0.002398 -0.004723 -0.007200 -0.000830 -0.000204 -0.009115 -0.006005 -0.000942 -0.001453 -0.000200 -0.002957 -0.001063 0.000973 -0.001450 -0.000303 0.000444 0.003535
-7.051416 0.000584 0.907487 0.293099 -0.091818 -0.018164 0.062885 -0.076613 -0.062884 -0.037340 -0.021747 0.031161 -0.030613 -0.012457 0.007741 0.005819 -0.004392 -0.002135 0.018711 0.006830 -0.000541 0.005064 0.000749 -0.004751 0.000536 0.001653 -0.003095 0.001067 -0.005114 -0.005257 0.001298 0.001758 -0.000555 0.002154 0.002240 0.001431 0.001143 0.002669 0.000484 0.006277
-7.240095 0.329230 0.356283 0.018694 0.202081 -0.147384 0.016444 -0.092184 -0.007228 -0.083313 -0.010755 0.059779 -0.033502 0.026658 -0.025178 -0.025495 0.006603 0.000274 0.002138 0.001331 -0.008061 -0.007542 0.006727 0.008648 0.002046 -0.001554 0.002053 -0.000926 0.008954 -0.006147 0.000171 -0.003390 -0.001543 0.000123 0.000518 0.001247 0.000915 0.000752 -0.000466 -0.004031
-7.099622 0.007597 -0.262064 -0.467015 -0.136951 0.073850 -0.079836 0.013159 0.009946 -0.110763 0.052401 -0.058760 0.084492 0.001429 0.013605 -0.010023 -0.023665 0.012140 -0.000127 -0.013657 -0.015910 -0.011507 -0.003218 -0.006760 0.003748 0.000123 -0.001919 -0.004011 0.002001 0.002797 0.005677 0.005335 -0.001720 -0.001430 -0.000131 0.003676 0.002528 -0.000566 0.001297 -0.004652
-6.488921 -1.096343 1.285987 0.309599 0.089066 0.057972 0.088995 0.161568 -0.110864 -0.095605 -0.035567 -0.002093 0.038099 -0.008792 -0.007379 0.010738 -0.008194 -0.002226 -0.020067 0.000210 -0.000946 -0.013467 -0.003565 0.011530 0.007914 0.006901 0.005692 -0.001624 -0.010570 0.001516 -0.002438 0.003839 0.002833 0.000087 0.000770 -0.000907 0.000942 0.003162 -0.001155 0.014056
-6.643475 -0.894014 0.123486 0.443510 0.302748 0.224776 -0.076297 -0.178230 0.193566 -0.092357 -0.022423 0.172369 0.037341 -0.027830 0.006064 -0.054103 -0.013817 0.017054 -0.046619 0.025483 -0.004759 -0.003575 0.000706 0.003784 -0.017046 0.012938 -0.006944 0.003953 -0.003621 0.001726 -0.000715 0.002955 -0.004531 0.006943 -0.002477 0.001417 0.000150 -0.003605 -0.002989 -0.011629
-7.347416 0.480977 -0.317230 0.163154 -0.007126 0.117248 -0.162310 0.090742 0.084081 -0.070719 0.105963 -0.058530 0.025871 0.017722 0.002853 0.026227 0.011667 -0.006260 0.000409 -0.003698 0.008102 -0.005550 -0.000778 0.005948 -0.002661 0.000928 -0.001570 0.003401 0.002769 -0.006699 -0.002419 0.001400 -0.002330 0.001349 0.001964 -0.000503 0.000189 -0.001789 -0.000144 -0.012189
-7.150488 0.110155 -0.071333 -0.286496 0.171371 -0.137073 0.109769 -0.009582 0.192708 0.020058 0.048124 -0.060128 0.007669 0.019790 -0.015644 -0.013868 0.002941 0.003093 -0.029631 -0.012906 -0.015882 -0.009247 0.004218 0.001097 0.012791 0.003737 0.001068 -0.005795 -0.007852 -0.000434 -0.004226 -0.002446 0.006009 -0.000541 0.002644 -0.002722 0.000335 0.000149 -0.000471 -0.001096
-7.467340 0.730697 -0.343472 -0.133941 -0.012571 -0.222995 -0.137136 0.053606 0.000858 -0.027606 -0.009764 0.044884 -0.010864 0.016934 0.016368 -0.013522 0.013790 -0.001944 -0.004881 -0.005527 -0.009814 -0.005954 -0.000847 0.000742 -0.006094 -0.000783 -0.000551 0.001668 -0.004542 0.002124 -0.002500 -0.001676 0.000509 0.000121 -0.000007 -0.001035 0.000982 -0.000150 0.000491 -0.002917
-7.305159 0.304833 -0.784793 0.121593 0.074139 -0.179902 -0.101524 0.025333 -0.030574 -0.026689 0.019740 -0.016109 0.017813 -0.040577 -0.000878 0.022298 0.009989 0.008350 -0.003242 0.002169 -0.005734 0.009708 0.006254 -0.001545 -0.004886 -0.005258 -0.004931 -0.003360 0.002272 0.001697 0.005973 -0.002412 0.000567 -0.002950 -0.000529 -0.000129 -0.000043 0.002070 0.000086 -0.003845
-7.253078 0.155756 -1.017126 0.101802 -0.187115 -0.086945 -0.047418 0.028537 -0.028445 0.005223 -0.034151 0.003498 -0.026019 -0.026147 -0.006097 -0.001952 -0.003665 0.004144 -0.007617 0.007569 0.001252 0.008315 -0.003382 0.000137 0.001390 -0.001938 0.000898 0.000927 0.002651 -0.003435 0.002270 0.000639 0.002095 -0.000306 0.001428 -0.001275 -0.000383 0.000886 -0.000110 -0.000599
-7.176249 0.237340 0.552912 -0.076475 0.062694 0.068181 -0.152250 0.068685 0.064343 -0.012154 -0.032904 0.009343 -0.042141 -0.045559 -0.000310 0.009028 -0.022674 -0.011646 0.004360 -0.013855 0.016551 0.004374 -0.005040 0.005226 0.002668 0.001188 -0.001026 0.000929 0.004467 0.003518 0.001361 -0.000198 -0.002805 -0.002791 -0.000729 -0.000070 -0.000464 0.001333 0.000279 0.004869
-6.790681 -0.652351 -0.298553 -0.325111 0.295118 0.099544 -0.105778 0.088328 0.019243 -0.023397 -0.065883 0.162943 0.047293 0.030055 0.010428 0.010538 0.027784 0.026719 -0.005449 -0.015567 -0.034011 0.003487 0.009829 -0.004456 0.010559 0.020530 -0.008821 -0.002617 -0.003500 -0.002258 -0.001019 -0.001297 -0.002931 0.000159 -0.000037 -0.000492 -0.000502 -0.003746 0.000827 -0.006183
-7.382201 0.567853 -0.160141 0.258181 0.152993 -0.132745 -0.154205 -0.005547 -0.031149 0.022687 0.033007 -0.001872 0.023163 0.019237 0.001581 0.015029 0.015947 0.013180 0.013682 -0.009128 0.001026 -0.011327 -0.002890 -0.002462 -0.003284 0.007562 0.000338 0.007333 -0.001493 0.002400 0.002260 -0.000440 0.000444 -0.000278 -0.002058 0.001708 0.000450 0.001190 -0.000930 -0.006551
-7.217329 0.153635 -0.569600 0.515059 0.136406 -0.112765 -0.093887 0.019995 0.011290 0.058982 -0.014257 -0.063494 0.021898 -0.000803 0.000510 0.001703 0.001860 0.003783 -0.009821 0.003253 -0.006728 -0.002803 0.010344 -0.002052 0.001674 -0.006709 -0.003090 0.001915 0.006035 -0.000814 0.000926 -0.001404 -0.003247 0.000023 -0.000136 0.005265 0.001658 -0.000877 -0.000450 -0.011397
-7.239891 0.174730 -0.810384 -0.014826 -0.263347 -0.166877 0.016365 -0.056881 -0.087742 -0.057163 0.001872 0.021081 -0.025191 -0.001003 -0.016465 -0.000624 0.000245 -0.003595 0.004331 0.004100 -0.002061 0.005392 -0.002093 -0.004646 0.004977 0.005026 -0.002353 0.005791 -0.002661 0.003184 -0.000463 -0.001189 0.001352 0.001951 -0.000685 -0.001435 -0.001594 0.000046 0.001645 0.000694
-7.532753 0.880654 -0.131234 -0.111941 0.075523 -0.221352 -0.053911 -0.005902 0.081521 -0.048439 -0.012526 -0.003371 0.009313 -0.002662 0.013461 -0.000639 0.016998 -0.005082 -0.000530 -0.012628 0.000390 -0.008393 -0.005400 -0.000446 -0.005048 -0.002078 -0.000114 -0.008086 -0.000083 -0.002128 -0.000062 -0.002604 0.000755 0.000993 0.000828 0.000478 0.000815 -0.001992 -0.000164 -0.008226
-6.978427 -0.117400 0.939711 -0.251221 0.031809 0.014148 -0.006526 -0.088302 0.000148 -0.039383 -0.054813 0.003606 -0.001715 -0.015060 0.000937 0.011065 0.009887 0.001992 -0.011863 -0.001224 -0.001935 -0.000025 -0.004062 -0.016069 0.001991 -0.002535 0.002035 0.003483 -0.001743 -0.005213 0.004005 -0.002437 -0.001806 -0.000202 0.001425 -0.002115 0.000475 -0.001385 -0.000971 -0.004698
-6.136262 -2.112436 -0.693723 0.193734 0.054182 -0.046165 0.309054 0.029928 0.088943 -0.026378 0.071338 -0.039679 -0.089927 0.020354 -0.005090 0.032928 -0.001561 -0.026535 0.037297 -0.021180 -0.020811 0.010501 -0.001017 -0.018933 -0.012719 -0.014892 -0.004416 -0.001928 0.010932 0.008499 -0.005057 -0.000588 -0.000812 -0.003782 -0.005924 0.000381 -0.001444 -0.000887 0.001224 0.002080
-7.298739 0.419133 0.018971 0.174931 -0.302473 0.138899 -0.108123 0.003540 -0.004985 0.053369 0.042596 -0.001982 -0.006281 0.013830 0.020402 -0.019507 -0.010526 -0.007211 0.005311 -0.002375 -0.004426 -0.001498 0.000413 -0.006836 -0.001324 -0.003471 0.008507 -0.005507 -0.000976 -0.002159 0.003001 -0.001605 -0.002823 -0.001917 0.001352 -0.001271 -0.000351 0.000174 0.001024 -0.009310
-7.041778 -0.263748 -0.913723 0.133476 -0.257533 0.107455 -0.060364 0.001678 -0.054374 0.040601 -0.056789 0.013611 -0.022652 0.014345 -0.012585 -0.025314 -0.003707 0.001789 -0.006346 0.003621 -0.011734 0.009698 -0.008838 0.005126 0.005660 -0.001543 0.000838 0.000594 0.002847 -0.001829 0.001208 -0.005244 -0.000477 0.000946 0.001510 0.002635 -0.001807 -0.000999 0.000241 -0.004651
-7.423097 0.542954 -0.835565 0.136187 -0.157021 -0.155371 -0.053051 0.004077 -0.020171 -0.010715 -0.040354 0.015943 -0.018501 0.012783 0.000820 0.010134 -0.005835 0.010680 -0.002639 0.007981 0.002590 0.012320 0.003614 -0.003734 -0.001424 0.004537 -0.000859 -0.002189 0.005425 -0.004646 -0.000826 0.001664 0.001506 -0.001947 0.000040 -0.001557 0.000894 -0.000727 -0.000503 -0.003514
-7.207150 0.280723 0.431494 0.019083 0.116353 0.095243 -0.109825 0.097068 0.062495 0.140625 -0.018367 -0.008581 0.030620 0.033476 -0.001835 0.003006 -0.013980 -0.002044 0.002847 0.018551 -0.005160 -0.000703 -0.000698 -0.003082 -0.002872 0.002091 -0.008933 -0.005171 -0.000881 0.000602 -0.001217 -0.002777 0.003320 0.001502 -0.001682 -0.001159 0.001653 0.001878 0.000645 -0.004353
-6.751136 -0.673840 0.049502 -0.421135 0.395313 -0.172848 0.097729 0.031317 -0.115043 0.190541 0.045789 0.092694 0.021777 0.064210 -0.019849 0.024190 -0.032063 0.008298 -0.008660 -0.019354 0.035950 0.005992 0.005141 0.007385 0.003028 0.004010 -0.006234 -0.000024 0.000594 0.002715 0.001358 0.004966 0.003231 0.001511 0.005462 0.004599 -0.002959 -0.000071 0.001325 0.007282
-7.115655 0.124112 0.569824 -0.224520 0.118068 0.061747 -0.172791 0.028349 -0.026050 0.038475 0.055917 0.002204 -0.038294 -0.006747 -0.021512 0.008441 -0.028695 -0.003636 -0.004004 0.007382 -0.005926 0.005096 0.000306 0.003524 -0.001176 -0.002089 0.004637 0.003143 0.002761 0.003401 -0.002589 -0.002747 -0.000218 0.000311 0.001167 0.001671 0.000367 -0.001851 0.000257 -0.004773
-6.913743 -0.315372 0.394102 -0.200949 0.283692 -0.273126 0.040299 0.064976 0.125421 -0.137651 -0.040479 -0.073243 -0.001093 -0.031165 -0.028355 -0.047047 0.016032 0.006234 0.006625 -0.005344 -0.014989 -0.013377 -0.004658 -0.000985 0.005022 -0.010796 -0.003025 0.005144 -0.001004 -0.004563 -0.000038 0.005251 0.001783 0.002036 0.002515 -0.001694 0.000549 -0.001084 0.002597 -0.002344
-6.543967 -1.326490 -1.034725 -0.105258 0.075196 0.036945 0.049296 0.038213 -0.039723 -0.068163 -0.037401 0.018574 -0.001478 -0.047763 0.018127 0.012680 0.009768 -0.011314 0.019514 -0.002042 -0.001596 0.010123 0.001063 0.005397 -0.009088 0.004346 0.003958 -0.000923 0.002098 -0.002223 -0.001587 -0.003757 0.001200 0.001603 0.001412 -0.001113 0.001590 0.000236 -0.000366 0.004053
-6.644814 -0.763818 1.412039 0.142630 0.026984 0.042175 0.073642 0.125602 -0.113767 -0.063288 -0.043214 -0.004356 -0.008068 0.000589 0.001573 0.015431 -0.006266 0.001092 -0.009986 0.006590 0.006483 -0.005615 0.001787 0.006446 0.003633 0.002063 0.005400 -0.004564 -0.005231 0.007479 -0.001308 0.002429 0.000690 -0.000817 0.001846 -0.001922 0.000187 -0.000080 0.001984 0.016268
-6.536473 -1.324448 -0.939432 0.020662 -0.056880 -0.078236 0.229094 0.074596 -0.033351 0.050190 0.049887 -0.024438 -0.079419 0.032138 0.009105 0.010108 -0.039062 -0.003133 0.025118 -0.004677 -0.008417 0.011674 -0.008780 -0.001850 -0.008261 -0.001792 -0.001369 0.003257 0.005848 -0.000601 -0.004662 -0.002158 -0.002967 0.000588 0.002884 -0.002454 0.003577 0.000418 0.000909 0.004726
-7.097588 -0.129751 -0.828108 -0.131843 -0.027254 -0.132084 0.013821 -0.095093 -0.048215 0.038582 -0.044919 0.003513 -0.040105 0.032128 -0.026983 0.021493 -0.028773 0.002623 0.007708 0.011793 0.008065 -0.002426 -0.012542 -0.002799 0.001288 0.006531 0.006794 -0.000628 0.001306 0.000015 -0.008266 -0.001943 0.003973 -0.001842 0.002575 0.000397 -0.003559 0.000989 0.000897 0.009405
-6.897261 -0.292035 1.043841 0.130292 -0.078132 0.123780 0.080101 0.102210 0.037276 0.060540 0.051854 0.011527 -0.024112 -0.020239 -0.000027 -0.003896 0.004975 0.005159 -0.005310 0.006616 0.005888 -0.001370 0.004392 -0.005651 -0.003533 -0.000274 -0.001309 -0.002356 -0.002088 -0.003248 0.004729 -0.001745 0.001421 0.001063 0.000055 0.001949 -0.000720 -0.001437 -0.001575 0.000478
-7.152184 0.076370 -0.372930 -0.073117 0.101728 -0.078792 -0.042981 0.252643 -0.039697 0.064420 0.012408 0.028908 0.052196 0.075993 -0.005750 -0.000894 0.013093 -0.019285 0.000467 0.007644 -0.007045 -0.008038 -0.022560 -0.002311 0.003588 -0.020858 -0.004115 0.003634 0.003655 0.000064 -0.001684 0.001777 -0.002780 -0.002854 0.001306 -0.003429 0.001506 -0.001612 -0.001550 -0.004075
-6.908003 -0.359586 0.130296 -0.368237 -0.257641 -0.241328 0.325115 -0.091106 0.048566 -0.076689 0.004558 -0.034207 0.015489 0.025088 -0.004575 0.006697 -0.007422 0.001966 0.006073 -0.014921 -0.006955 0.011566 -0.009782 0.006794 -0.002824 -0.002516 -0.008723 0.003550 -0.000439 0.009147 0.006346 0.000437 0.001045 -0.000241 0.001179 0.001938 0.001583 0.000777 -0.001906 -0.000675
-6.771991 -0.845753 -0.932683 0.161728 0.053317 0.171438 0.033354 0.044585 0.048666 -0.085414 -0.010327 0.013670 -0.033274 -0.004554 -0.001974 0.012800 0.013294 -0.024110 0.014257 -0.003755 0.004856 -0.003505 -0.004778 -0.018174 0.000070 0.000753 0.003240 -0.002841 0.006756 -0.000639 0.002193 0.001469 0.004296 0.003819 -0.001261 0.000136 0.001218 -0.000722 -0.001282 -0.000013
-6.513641 -1.406008 -1.120198 0.043242 -0.064783 -0.036072 0.120453 0.036365 -0.028430 0.059092 -0.041855 -0.034278 -0.054106 -0.032398 0.016951 0.008717 -0.018399 0.004183 0.009644 -0.001431 -0.001170 -0.001922 -0.004378 0.002751 -0.011898 0.003868 -0.000933 0.004831 0.000431 -0.000629 -0.003143 -0.004555 0.001548 0.001314 0.000792 -0.001007 -0.000695 -0.001105 0.000424 0.006627
-6.733609 -0.674112 0.486350 0.032905 -0.025137 0.078696 0.157128 -0.029497 0.204999 0.113095 0.087368 0.057429 0.055790 -0.029944 0.030737 -0.003594 0.044475 0.037932 -0.001674 0.048786 -0.001507 0.006972 -0.006923 0.003305 0.018514 0.009945 0.012615 0.008840 0.001476 0.002965 0.001789 -0.005960 -0.001904 0.001000 0.000995 -0.000020 -0.001862 -0.002969 0.001195 -0.012876
